-0.216307     0.0011633
-0.239273     0.00113315
-0.23185     0.00114283
-0.233891     0.00111722
-0.234151     0.00113764
-0.2382     0.00115337
-0.238092     0.00114208
-0.237225     0.00113681
-0.237951     0.00114339
-0.233065     0.0011514
1.83843     0.001
-0.226521     0.00116114
-0.218824     0.00112479
-0.209409     0.0011507
-0.196073     0.00112456
-0.160498     0.00110552
-0.215437     0.00115533
-0.223477     0.00111405
-0.224435     0.00111136
-0.201981     0.0011296
-0.219621     0.00108937
-0.229617     0.00114017
0.830225     0.00566471
-252.439     1.36098
-0.149553     0.00108425
-0.182856     0.00110554
-1.0175     0.00186998
-0.202681     0.00110734
-0.207976     0.00110741
-0.163355     0.00120167
-167.414     1.01718
-58.1875     0.305469
