9.99999975E-06	4.71815625E+04
1.10303699E-05	4.49238828E+04
1.21669100E-05	4.27742344E+04
1.34205502E-05	4.07274492E+04
1.48033596E-05	3.87786055E+04
1.63286495E-05	3.69230156E+04
1.80111092E-05	3.51562148E+04
1.98669095E-05	3.34739609E+04
2.19139401E-05	3.18722012E+04
2.41718899E-05	3.03470879E+04
2.66624793E-05	2.88949531E+04
2.94097099E-05	2.75123047E+04
3.24399916E-05	2.61958164E+04
3.57825083E-05	2.49423242E+04
3.94694289E-05	2.37488105E+04
4.35362417E-05	2.26124102E+04
4.80220806E-05	2.15303867E+04
5.29701283E-05	2.05001387E+04
5.84280097E-05	1.95191875E+04
6.44482498E-05	1.85851777E+04
7.10888125E-05	1.76958594E+04
7.84135773E-05	1.68490977E+04
8.64930771E-05	1.60428535E+04
9.54050629E-05	1.52751885E+04
1.05235304E-04	1.45442568E+04
1.16078401E-04	1.38483018E+04
1.28038795E-04	1.31856475E+04
1.41231503E-04	1.25547031E+04
1.55783593E-04	1.19539492E+04
1.71835098E-04	1.13819414E+04
1.89540398E-04	1.08373057E+04
2.09070102E-04	1.03187305E+04
2.30612000E-04	9.82496973E+03
2.54373590E-04	9.35483691E+03
2.80583510E-04	8.90719922E+03
3.09493887E-04	8.48098145E+03
3.41383187E-04	8.07515869E+03
3.76558310E-04	7.68875488E+03
4.15357703E-04	7.32084082E+03
4.58154886E-04	6.97053174E+03
5.05361822E-04	6.63698535E+03
5.57432824E-04	6.31939941E+03
6.14868884E-04	6.01701025E+03
6.78223209E-04	5.72909082E+03
7.48105173E-04	5.45494824E+03
8.25187715E-04	5.19392383E+03
9.10212519E-04	4.94538965E+03
1.00399798E-03	4.70874805E+03
1.10744685E-03	4.48342969E+03
1.22155494E-03	4.26889307E+03
1.34742016E-03	4.06462231E+03
1.48625416E-03	3.87012598E+03
1.63939327E-03	3.68493652E+03
1.80831144E-03	3.50860840E+03
1.99463428E-03	3.34071777E+03
2.20015529E-03	3.18086084E+03
2.42685270E-03	3.02865332E+03
2.67690816E-03	2.88372876E+03
2.95272865E-03	2.74573926E+03
3.25696869E-03	2.61435230E+03
3.59255681E-03	2.48925244E+03
3.96272307E-03	2.37013892E+03
4.37102979E-03	2.25672485E+03
4.82140761E-03	2.14873755E+03
5.31819044E-03	2.04591785E+03
5.86616062E-03	1.94801794E+03
6.47059223E-03	1.85480261E+03
7.13730184E-03	1.76604773E+03
7.87270814E-03	1.68153980E+03
8.68388731E-03	1.60107556E+03
9.57864895E-03	1.52446167E+03
1.05656041E-02	1.45151379E+03
1.16542513E-02	1.38205652E+03
1.28550697E-02	1.31592273E+03
1.41796172E-02	1.25295349E+03
1.56406406E-02	1.19299744E+03
1.72522049E-02	1.13591028E+03
1.90298203E-02	1.08155481E+03
2.09905952E-02	1.02980017E+03
2.31534019E-02	9.80522156E+02
2.52418797E-02	9.39081909E+02
2.52999999E-02	9.38002563E+02
2.79068351E-02	8.93117065E+02
3.07822693E-02	8.50379333E+02
3.39539796E-02	8.09686707E+02
3.74524966E-02	7.70941162E+02
4.13114876E-02	7.34049683E+02
4.55680974E-02	6.98923462E+02
5.02632931E-02	6.65478027E+02
5.54422699E-02	6.33632996E+02
6.11548722E-02	6.03311768E+02
6.74560815E-02	5.74441589E+02
7.44065568E-02	5.46952942E+02
8.20731744E-02	5.20779968E+02
9.05297473E-02	4.95860168E+02
9.98576581E-02	4.72134155E+02
1.10146686E-01	4.49545990E+02
1.21495865E-01	4.28042755E+02
1.34014428E-01	4.07574127E+02
1.47822872E-01	3.88091583E+02
1.63054079E-01	3.69546936E+02
1.79854676E-01	3.51892090E+02
1.98386356E-01	3.35079956E+02
2.18827486E-01	3.19066528E+02
2.41374791E-01	3.03812164E+02
2.66245306E-01	2.89281006E+02
2.93678433E-01	2.75440094E+02
3.23938161E-01	2.62255707E+02
3.57315749E-01	2.49701126E+02
3.94132465E-01	2.37748718E+02
4.34742689E-01	2.26369843E+02
4.79537249E-01	2.15539673E+02
5.28947294E-01	2.05233810E+02
5.83448410E-01	1.95420364E+02
6.43565178E-01	1.86070709E+02
7.09876180E-01	1.77165085E+02
7.83019602E-01	1.68677780E+02
8.63699555E-01	1.60592041E+02
9.52692568E-01	1.52902069E+02
1.05085504E+00	1.45588074E+02
1.15913200E+00	1.38626526E+02
1.27856541E+00	1.31990677E+02
1.41030490E+00	1.25681847E+02
1.55561841E+00	1.19667068E+02
1.71590459E+00	1.13924339E+02
1.89270616E+00	1.08470726E+02
2.08772492E+00	1.03280121E+02
2.30283761E+00	9.83462910E+01
2.54011512E+00	9.36315160E+01
2.80184078E+00	8.91597440E+01
3.11233473E+00	8.45976640E+01
3.43302035E+00	8.05303040E+01
3.78674817E+00	7.66829070E+01
4.20618105E+00	7.27592930E+01
4.63957310E+00	6.92704700E+01
5.11762094E+00	6.59567030E+01
5.64492464E+00	6.28151050E+01
6.22656059E+00	5.97982030E+01
6.86812639E+00	5.69400830E+01
7.57579708E+00	5.42163510E+01
8.41533089E+00	5.14234430E+01
9.28242111E+00	4.89665180E+01
1.02388535E+01	4.66211590E+01
1.12938337E+01	4.43895610E+01
1.27217607E+01	4.18160020E+01
1.39349623E+01	3.99707300E+01
1.52631111E+01	3.81910780E+01
1.68357754E+01	3.63478160E+01
1.85704823E+01	3.46128010E+01
2.04839287E+01	3.29531060E+01
2.27539139E+01	3.12637390E+01
2.56307869E+01	2.94501360E+01
2.80750484E+01	2.81548540E+01
3.03230915E+01	2.70863250E+01
3.34474907E+01	2.57794860E+01
3.66371880E+01	2.46368580E+01
3.95708237E+01	2.37079430E+01
4.33444672E+01	2.26460420E+01
4.74756508E+01	2.16388570E+01
5.16388626E+01	2.07481440E+01
5.61671562E+01	1.98902990E+01
6.06675873E+01	1.91417750E+01
6.64498444E+01	1.82850440E+01
7.22769394E+01	1.75339280E+01
7.86150131E+01	1.68113880E+01
8.61120758E+01	1.60595840E+01
9.36633835E+01	1.53973450E+01
1.02590492E+02	1.47124880E+01
1.11586815E+02	1.41041150E+01
1.20527779E+02	1.35725150E+01
1.32015335E+02	1.29649990E+01
1.43591980E+02	1.24321650E+01
1.56183777E+02	1.19191570E+01
1.71078140E+02	1.13859390E+01
1.87383682E+02	1.08794650E+01
2.03815643E+02	1.04306360E+01
2.23252380E+02	9.96503100E+00
2.41128784E+02	9.58949500E+00
2.64123840E+02	9.15980800E+00
2.87285309E+02	8.78317600E+00
3.12477783E+02	8.42056800E+00
3.42260223E+02	8.04384400E+00
3.74899597E+02	7.68568100E+00
4.07775146E+02	7.36904800E+00
4.49791046E+02	7.01501800E+00
4.89233948E+02	6.72575300E+00
5.32135620E+02	6.44797200E+00
5.78799438E+02	6.18331200E+00
6.38437195E+02	5.88425000E+00
6.84761963E+02	5.68411400E+00
7.44809875E+02	5.44736700E+00
8.33143433E+02	5.14975900E+00
8.99855408E+02	4.95562500E+00
9.78765137E+02	4.75105800E+00
1.06459460E+03	4.55476300E+00
1.14989600E+03	4.38245200E+00
1.27726233E+03	4.15675000E+00
1.36994006E+03	4.01545200E+00
1.49007227E+03	3.84830700E+00
1.66679309E+03	3.63815100E+00
1.80034595E+03	3.50099000E+00
1.95822107E+03	3.35659600E+00
2.12994067E+03	3.21822600E+00
2.30049048E+03	3.09696800E+00
2.55542603E+03	2.93791500E+00
2.74084692E+03	2.83838800E+00
2.98119629E+03	2.72064800E+00
3.33476245E+03	2.57255100E+00
3.60178589E+03	2.47594700E+00
3.89038110E+03	2.38227400E+00
4.29123438E+03	2.26822400E+00
4.70023389E+03	2.16771100E+00
5.07684326E+03	2.08582900E+00
5.52203955E+03	2.00111800E+00
6.17694678E+03	1.89337300E+00
6.75501074E+03	1.81158100E+00
7.45102637E+03	1.72580300E+00
8.30297559E+03	1.63587000E+00
8.96825684E+03	1.57506500E+00
9.75469727E+03	1.51117300E+00
1.06101016E+04	1.45065900E+00
1.15405186E+04	1.39361000E+00
1.28380928E+04	1.32381000E+00
1.37696211E+04	1.28074000E+00
1.49544551E+04	1.23059200E+00
1.66059512E+04	1.17011000E+00
1.80621523E+04	1.12418100E+00
1.97846367E+04	1.07566700E+00
2.24459043E+04	1.01593100E+00
2.50950723E+04	9.65839000E-01
2.71045000E+04	9.32899000E-01
2.98972656E+04	8.91975000E-01
4.00000000E+04	7.89861000E-01
5.00000000E+04	7.27025000E-01
6.04113633E+04	6.85636000E-01
7.04767500E+04	6.61155000E-01
8.05643281E+04	6.48760000E-01
9.00000000E+04	6.46484000E-01
1.00000000E+05	6.54106000E-01
1.10000000E+05	6.72274000E-01
1.20000000E+05	7.02339000E-01
1.30000000E+05	7.46603000E-01
1.40000000E+05	8.08548000E-01
1.50000000E+05	8.93190000E-01
1.60000000E+05	1.00754200E+00
1.70000000E+05	1.16107700E+00
1.79798516E+05	1.36155200E+00
1.84907562E+05	1.48901100E+00
1.90000000E+05	1.63458000E+00
1.95000000E+05	1.79617500E+00
2.00000000E+05	1.97598000E+00
2.05000000E+05	2.17203600E+00
2.16516625E+05	2.65282600E+00
2.20000000E+05	2.79437100E+00
2.25000000E+05	2.97436400E+00
2.30000000E+05	3.11475300E+00
2.33000000E+05	3.17261200E+00
2.35000000E+05	3.19979100E+00
2.36000000E+05	3.21076400E+00
2.39000000E+05	3.22456700E+00
2.42371859E+05	3.21156600E+00
2.45000000E+05	3.18181000E+00
2.48000000E+05	3.13009000E+00
2.50000000E+05	3.08466200E+00
2.55000000E+05	2.94224100E+00
2.60000000E+05	2.77079800E+00
2.70000000E+05	2.39550500E+00
2.80000000E+05	2.03843500E+00
2.90000000E+05	1.73312700E+00
3.00000000E+05	1.48461000E+00
3.10000000E+05	1.28616500E+00
3.20000000E+05	1.12825000E+00
3.30000000E+05	1.00201100E+00
3.40000000E+05	9.00232000E-01
3.49661250E+05	8.20108000E-01
3.60000000E+05	7.49081000E-01
3.70000000E+05	6.92293000E-01
3.80000000E+05	6.44568000E-01
4.00000000E+05	5.69394000E-01
4.20000000E+05	5.13423000E-01
4.40000000E+05	4.70516000E-01
4.60000000E+05	4.36793000E-01
4.79745281E+05	4.10059000E-01
5.00000000E+05	3.87591000E-01
5.20000000E+05	3.69218000E-01
5.40000000E+05	3.53760000E-01
5.63950312E+05	3.38365000E-01
5.84091375E+05	3.27277000E-01
6.04232438E+05	3.17655000E-01
6.28747062E+05	3.07586000E-01
6.58185875E+05	2.97252000E-01
6.89593562E+05	2.88130000E-01
7.14883250E+05	2.82046000E-01
7.55290562E+05	2.73317000E-01
8.05643250E+05	2.64757000E-01
8.61992000E+05	2.57274000E-01
9.12697375E+05	2.51873000E-01
9.70198750E+05	2.46974000E-01
1.00000000E+06	2.44746000E-01
1.05000000E+06	2.31198000E-01
1.12338800E+06	2.28402000E-01
1.21692988E+06	2.25973000E-01
1.32764038E+06	2.24622000E-01
1.72398400E+06	2.22945000E-01
1.82539475E+06	2.21391000E-01
1.92680562E+06	2.18685000E-01
2.02821638E+06	2.14963000E-01
2.12962725E+06	2.10267000E-01
2.28174350E+06	2.01933000E-01
2.53527050E+06	1.86661000E-01
2.56798800E+06	1.84518000E-01
2.71904600E+06	1.73239000E-01
2.95000000E+06	1.54710000E-01
3.07151500E+06	1.46119000E-01
3.17222050E+06	1.39794000E-01
3.27292575E+06	1.34150000E-01
3.35000000E+06	1.30269000E-01
3.42398400E+06	1.27280000E-01
3.52468925E+06	1.23797000E-01
3.65078950E+06	1.20218000E-01
3.80513725E+06	1.16561000E-01
4.50000000E+06	1.01217000E-01
4.65000000E+06	9.87190000E-02
4.70000000E+06	9.75270000E-02
4.85000000E+06	9.27500000E-02
5.03527050E+06	8.77600000E-02
5.23668150E+06	8.28570000E-02
5.43809200E+06	7.83000000E-02
5.63950300E+06	7.41130000E-02
5.80000000E+06	7.10510000E-02
6.00000000E+06	6.77350000E-02
6.20000000E+06	6.51060000E-02
6.44514600E+06	6.25030000E-02
6.84796800E+06	5.87150000E-02
7.30157900E+06	5.49270000E-02
7.65361100E+06	5.21760000E-02
8.17009450E+06	4.85510000E-02
8.66066500E+06	4.52830000E-02
9.32103000E+06	4.11440000E-02
9.50000000E+06	4.00000000E-02
1.00475640E+07	3.78100000E-02
1.01893170E+07	3.72430000E-02
1.03330700E+07	3.66680000E-02
1.04788510E+07	3.60850000E-02
1.06266890E+07	3.54930000E-02
1.07766120E+07	3.48940000E-02
1.09286510E+07	3.42850000E-02
1.10000000E+07	3.40000000E-02
1.11551900E+07	3.36900000E-02
1.13125700E+07	3.33750000E-02
1.14721700E+07	3.30560000E-02
1.15000000E+07	3.30000000E-02
1.16622440E+07	3.23510000E-02
1.18267780E+07	3.16930000E-02
1.19936320E+07	3.10250000E-02
1.21628410E+07	3.03490000E-02
1.23344360E+07	2.96620000E-02
1.25000000E+07	2.90000000E-02
1.26763520E+07	2.86470000E-02
1.28551930E+07	2.82900000E-02
1.30365570E+07	2.79270000E-02
1.32204790E+07	2.75590000E-02
1.34069960E+07	2.71860000E-02
1.35961450E+07	2.68080000E-02
1.37879620E+07	2.64240000E-02
1.39824850E+07	2.60350000E-02
1.41797530E+07	2.56400000E-02
1.43798040E+07	2.52400000E-02
1.45826770E+07	2.48350000E-02
1.47884120E+07	2.44230000E-02
1.49970500E+07	2.40060000E-02
1.50000000E+07	2.40000000E-02
1.52116230E+07	2.37040000E-02
1.54262320E+07	2.34030000E-02
1.55000000E+07	2.33000000E-02
1.57186770E+07	2.29500000E-02
1.59404390E+07	2.25950000E-02
1.60000000E+07	2.25000000E-02
1.62257310E+07	2.20490000E-02
1.64546470E+07	2.15910000E-02
1.66867930E+07	2.11260000E-02
1.69222140E+07	2.06560000E-02
1.71609560E+07	2.01780000E-02
1.74030660E+07	1.96940000E-02
1.76485920E+07	1.92030000E-02
1.78975820E+07	1.87050000E-02
1.80000000E+07	1.85000000E-02
1.82539480E+07	1.80430000E-02
1.85000000E+07	1.76000000E-02
1.87610020E+07	1.71820000E-02
1.90000000E+07	1.68000000E-02
1.92680560E+07	1.63170000E-02
1.95398940E+07	1.58280000E-02
1.98155660E+07	1.53320000E-02
2.00000000E+07	1.50000000E-02
